Grid Graphs: Results for Cachet

Grouped by ratio of deterministic nodes and order.
E.g.:
Ratio 50 == 50% of the nodes are deterministic
Order 10 == grid is 10 x 10, contains 100 nodes

Each line specifies:
problem number (for that ratio and order)
running time of cachet in seconds
marginal probability of last node in the grid

Results from the June 2005 version of Cachet using the floating-point
arithmetic option, running under Linux on a Pentium 2.8 GHz processor.

Ratio 50 Order 10
1 7.70283 0.530158
2 21.4907 0.694274
3 7.32489 0.437354
4 6.43102 0.611607
5 1.18582 0.518846
6 4.88426 0.506807
7 8.17876 0.474714
8 5.42718 0.280401
9 9.98648 0.479913
10 5.55216 0.914701

Ratio 50 Order 12
1 32.4401 0.675352
2 43.4144 0.549435
3 43.3244 0.370571
4 33.7229 0.605223
5 35.8126 0.606353
6 11.8232 0.611806
7 120.965 0.435196
8 37.9972 0.248799
9 91.2331 0.46471
10 41.4117 0.629836

Ratio 50 Order 14
1 474.121 0.306238
2 53.7848 0.781862
3 314.239 0.305003
4 175.845 0.780937
5 600.102 0.622431
6 678.743 0.348438
7 597.563 0.434619
8 260.933 0.150891
9 419.497 0.58165
10 704.461 0.308975

Ratio 50 Order 16
1 3319.14 0.506133
2 1406.03 0.332055
3 184.599 0.302464
4 293.218 0.365786
5 2051.44 0.608457
6 327.423 0.122667
7 890.286 0.677672
8 484.205 0.305895
9 1715.92 0.316421
10 11689.7 0.289615

Ratio 50 Order 18
1 19435 0.306813
2 29024.2 0.869726
3 29837.7 0.718645
4 17795 0.186123
5 12962 0.58629
6 4149.36 0.45505
7 13111.4 0.467563
8 10417.7 0.153932
9 3823.62 0.254553
10 84305.7 0.883921

Ratio 75 Order 10
1 0.166975 0.00118507
2 0.39194 0.776503
3 0.039995 0
4 0.301954 0.577558
5 0.433934 0.822155
6 0.219967 0.854905
7 0.312952 0.50254
8 0.492925 0.533205
9 0.930859 0.453433
10 0.082987 0.109473

Ratio 75 Order 12
1 0.763884 0.228995
2 3.13952 0.888494
3 4.20536 0.414052
4 1.00985 0.132673
5 1.58976 0.917776
6 1.65175 0.757772
7 0.566913 0.239614
8 0.86087 0.994657
9 1.27181 0.337585
10 0.576912 0.953679

Ratio 75 Order 14
1 0.906862 1
2 1.81372 0.493135
3 2.87156 0.91754
4 64.6382 0.235927
5 1.68974 0.411759
6 5.69613 0.345549
7 20.014 0.937876
8 4.65629 0.676701
9 17.6903 0.68448
10 7.95679 0.805111

Ratio 75 Order 16
1 30.1924 0.799152
2 72.332 0.135454
3 39.192 0.543233
4 200.75 0.668513
5 147.963 0.383582
6 15.9876 0.475262
7 46.032 0.410318
8 6.90195 0.768066
9 110.736 0.536576
10 10.1215 0.774638

Ratio 75 Order 18
1 20.4799 0.523186
2 26.8379 0.509302
3 445.077 0.485159
4 80.9047 0.0185057
5 88.0806 0.810822
6 60.7088 0.965401
7 57.8482 0.182041
8 203.544 0.579595
9 319.893 0.796507
10 323.446 0.937541

Ratio 75 Order 20
1 248.447 0.578093
2 1017.19 0.873565
3 1210.58 0.292713
4 807.229 1
5 143.776 0.00672085
6 128.896 0.716347
7 282.882 0.231818
8 464.67 0.736981
9 117.678 0.902888
10 123.841 0.301542

Ratio 75 Order 22
1 7608.01 0.47944
2 6624.08 0.75269
3 530.459 0.498833
4 1917.47 0.70064
5 5002.64 0.562212
6 1300.42 0.839651
7 2854.79 0.710689
8 1036.52 0.120489
9 330.66 0.496597
10 366.86 0.554196

Ratio 75 Order 24
1 8419.51 0.840015
2 2.49862 0
3 6412.3 0.691885
4 4998.22 0.960744
5 6229.84 0.513734
6 49765.1 0.213693
7 4820.87 0.902408
8 410.606 0.747823
9 2383.22 0.431366
10 9866.57 0.395321

Ratio 90 Order 10
1 0.189972 0.759871
2 0.048992 0
3 0.06499 0.397209
4 0.076988 0.822906
5 0.050992 0.731328
6 0.06199 0
7 0.06599 1
8 0.040994 0
9 0.074988 0.955553
10 0.048993 0.447534

Ratio 90 Order 12
1 0.112983 0.671432
2 0.153977 0.453045
3 0.241963 0.872675
4 0.13698 0.977349
5 0.070989 0.628552
6 0.189971 0.17901
7 0.414938 0.304307
8 0.778881 1
9 0.06599 0
10 0.130981 0.0195853

Ratio 90 Order 14
1 0.121982 0.186573
2 0.274958 0.281768
3 0.151977 0.334212
4 0.056991 0
5 1.76373 0.210568
6 0.175973 0.999567
7 0.235965 1
8 0.231965 0.60499
9 0.289956 0.482497
10 0.710893 0.743831

Ratio 90 Order 16
1 0.866868 0.575618
2 0.153976 0.286278
3 0.304954 0.0487455
4 0.817875 0.320649
5 0.322951 0.240587
6 0.71989 1
7 0.473928 1
8 0.073988 0
9 0.892865 0.203543
10 0.499925 1

Ratio 90 Order 18
1 2.38864 1
2 2.14567 1
3 1.36779 0.182727
4 0.545918 0.944351
5 4.74028 0.849668
6 1.56376 0.991177
7 1.47578 0.426033
8 0.801879 0.837673
9 0.542918 0.502204
10 1.06284 1

Ratio 90 Order 20
1 1.48477 0.423479
2 4.11937 1
3 1.65975 0.956469
4 2.07668 1
5 3.88441 0.421862
6 0.664899 0.139962
7 3.47947 0.856522
8 1.61475 0.193315
9 2.72059 0.854661
10 1.52477 0.00771575

Ratio 90 Order 22
1 6.95494 0.593734
2 6.02708 0.168691
3 13.7299 1
4 2.92456 0.312805
5 7.47786 0.168692
6 6.06508 0.341615
7 3.49647 0.338291
8 0.334949 0
9 2.52462 0.0680096
10 4.85726 0.343431

Ratio 90 Order 24
1 0.536919 0
2 2.6166 1
3 26.7999 0.935218
4 5.68314 0.0120528
5 11.3843 0.738431
6 0.53192 0
7 23.8914 0.516604
8 4.45532 1
9 7.36188 0.480679
10 3.68544 0.815723

Ratio 90 Order 26
1 1.49677 0
2 1.37079 0
3 43.2274 0.051503
4 37.7093 0.0439084
5 102.961 0.666616
6 28.1017 0.0971784
7 2.00269 0
8 75.2086 0.933166
9 2.6236 0
10 13.9859 1.17723e-05

Ratio 90 Order 30
1 108.078 0.360852
2 72.39 0.329091
3 87.6557 0.93157
4 76.2584 0.332099
5 609.057 1
6 77.8882 1
7 602.208 0.489492
8 223.431 0.736295
9 139.31 0.420137
10 1250.21 0.633326

Ratio 90 Order 34
1 1062.62 0.252802
2 180.8 0.792776
3 7718.66 1
4 552.685 0.159773
5 1520.33 0.914128
6 293.548 1
7 2438.78 0.538119
8 6.14607 0
9 1176.15 1
10 887.629 0.446602

Ratio 90 Order 38
1 4742.37 0.279805
2 3727.61 1
3 3639.57 0.873394
4 2539.09 1
5 4014.72 0.859024
6 17548.7 0.00525628
7 7018.51 1
8 3171 0.748234
9 639.59 1
10 5664.37 0.471114

Ratio 90 Order 42
1 95051.2 0.834007
2 1063.42 0.350797
3 48886.9 0.495307
4 15456.7 0.820934
5 23030.6 0.345494
6 28198.8 0.854574
7 259000 1000000000
8 70249.8 0.282791
9 89776.2 0.0688282
10 14950.6 1

